1486
1447
1481
1520
1483
673
873
1492
1123
949
1120
1485
1264
695
758
1006
964
122
228
1344
1255
210
730
618
1489
947
1025
20
460
974
455
397
391
914
1337
94
743
1336
641
603
602
1335
1402
619
23
270
478
269
218
205
450
1137
1024
301
194
203
246
197
196
195
245
1413
1296
1359
222
521
1270
434
285
283
979
1383
1378
643
1351
1423
187
186
49
1439
1
1267
1355
153
108
1417
257
1148
1517
424
310
421
1260
298
286
282
274
1516
169
323
669
278
275
621
288
312
640
150
776
1107
74
663
1316
1347
1090
657
736
211
801
702
1048
149
118
836
390
699
688
1036
1179
771
1176
1121
207
828
1374
1493
1253
868
696
1315
1055
839
1180
671
670
1062
710
834
745
1164
598
941
577
894
80
624
1313
1414
1314
687
416
908
1273
1038
759
679
1168
276
253
845
1289
426
1203
660
511
143
14
1013
110
1265
233
1442
751
1058
224
13
234
1491
1371
264
111
576
467
707
463
244
1363
16
15
112
880
235
1201
399
175
1467
319
1469
510
1476
1456
1468
496
174
605
1497
1472
847
343
1202
918
1452
901
843
1470
176
396
1466
803
1394
1234
1322
545
29
1354
229
693
1382
1291
613
27
625
1441
1391
683
469
1114
833
1193
741
681
1390
185
96
516
649
1049
1409
659
71
1198
557
853
1284
1088
1206
706
22
796
1170
1411
957
919
1011
903
1352
142
85
1106
823
1433
1187
1301
212
7
1340
103
628
1403
1400
216
3
255
1338
1507
1408
596
144
994
1037
808
414
1407
97
47
167
1300
296
1127
189
78
1185
131
527
1200
978
1199
190
42
367
1172
1380
977
505
132
762
694
790
535
484
1297
99
177
1080
387
733
1084
948
475
1282
170
1362
494
827
9
513
1393
958
561
748
674
860
526
154
145
465
517
379
726
820
779
1240
1050
962
124
239
1183
814
1086
1145
377
844
106
407
1112
1239
954
721
273
862
567
1184
284
999
550
1490
539
1059
704
327
1277
1212
1429
599
934
1153
807
51
664
1294
1405
308
737
2
371
1308
1518
970
520
117
770
495
1425
39
192
1064
470
528
1174
1210
488
975
427
682
329
1173
509
1257
1057
1207
940
44
1026
165
1312
1216
554
1217
1258
362
1419
1209
976
420
168
757
415
1341
137
79
191
1014
386
604
987
1047
788
713
984
243
890
1278
950
1132
774
875
26
1195
606
1197
1330
81
1431
990
797
115
102
1361
101
893
1357
1356
879
1280
857
1254
562
1318
1503
930
881
1150
1410
1317
1345
1078
120
1274
477
1498
1358
898
1443
62
595
1515
1333
1151
714
489
1041
638
1500
425
249
492
1259
597
1040
1097
883
698
608
582
1046
996
328
1020
1307
675
622
891
1223
1003
888
944
1111
665
1167
1225
73
449
734
538
181
712
480
1288
135
1250
188
787
457
1213
623
645
76
580
1227
863
180
1426
644
953
1158
956
895
971
1074
1309
634
1311
12
1508
1056
739
481
385
24
90
838
952
658
261
40
241
240
960
869
141
925
1241
395
260
766
874
666
784
1001
1002
1194
8
152
795
566
213
508
1083
183
1130
50
43
1093
182
1005
1231
753
540
6
466
461
1191
749
237
993
1471
627
490
773
943
775
769
778
884
1298
542
1304
1444
1102
5
238
1484
816
709
431
119
680
267
84
83
1427
156
885
897
350
346
408
406
887
817
366
1126
485
412
782
1104
822
587
813
916
886
345
372
812
351
531
955
1095
349
348
359
544
382
856
905
647
578
601
376
568
504
859
632
826
1450
591
569
800
1449
837
818
824
926
579
1000
1144
855
370
498
1521
819
614
501
392
500
389
383
394
499
1035
256
242
1021
738
917
114
1018
600
798
929
747
852
911
1128
462
939
173
725
61
654
21
87
217
1445
652
316
280
309
307
637
294
1495
325
767
1464
1115
750
805
1019
995
317
1474
178
295
335
305
287
1487
330
1457
1478
279
277
289
337
1165
1188
1397
98
32
318
262
991
728
201
442
1004
1157
804
933
989
983
1360
524
1302
1156
202
1488
672
139
1189
225
1434
93
36
1190
161
735
1134
128
1096
209
1063
1501
403
1271
1032
872
1252
360
1208
59
251
1505
866
565
1499
487
1135
113
1143
259
320
1295
708
1348
1349
1222
89
1065
37
922
268
617
1368
1494
942
151
326
281
1370
1146
742
761
1373
1305
313
1323
858
1205
105
1119
355
1069
72
46
109
677
678
448
650
1022
433
19
966
446
459
972
973
438
452
447
662
959
1027
1028
965
982
440
534
443
981
454
432
430
435
646
1509
1510
586
419
910
559
921
356
878
404
1514
429
405
920
532
547
555
552
1418
413
1440
384
590
342
378
909
381
551
388
358
825
821
354
344
363
491
1224
1364
1365
1299
1160
1238
685
34
148
1387
373
155
615
642
1042
656
1275
133
789
1118
10
123
1124
130
474
146
54
1043
18
17
63
1246
1133
692
1331
1076
1077
208
231
53
829
830
1075
523
1343
765
923
311
1085
1169
121
815
792
1070
82
536
835
1432
100
1324
572
1462
1448
832
1438
1396
1398
136
786
882
33
1182
1142
236
1147
691
1285
1463
304
1181
718
760
1437
31
1325
172
56
945
52
57
560
1326
1286
302
1236
1235
809
896
468
464
1215
162
263
756
271
716
931
471
221
315
0
612
518
791
525
1232
1388
727
558
1421
1094
1230
842
1399
1116
1451
1436
1292
1328
1389
1479
226
67
1016
368
588
1229
400
906
1175
68
458
483
25
65
77
352
401
364
633
777
220
661
1045
107
497
4
715
472
519
411
410
928
533
515
340
892
514
564
904
563
338
877
422
353
341
409
339
1320
1072
1139
1339
1034
1244
230
1290
1342
127
549
1073
1334
1268
1105
70
1103
1221
584
724
651
1204
1082
1066
38
1519
1081
1015
1089
476
1458
529
629
35
334
912
1412
159
1377
1220
754
1060
1219
744
1154
306
58
997
1008
219
48
45
92
11
1245
418
445
1007
1293
1030
985
1131
1138
848
570
41
968
1192
1071
1319
184
104
300
1161
1162
1249
1186
731
1248
1406
479
